1	-0.0224727	0.201624	-0.13033	0.2581	-0.274797	0.375204	-0.155134	0.200643
-0.0224727	1	-0.605197	0.544443	-0.545567	0.559666	-0.470061	0.468464	-0.0256013
0.201624	-0.605197	1	-0.670636	0.747045	-0.688893	0.602914	-0.555849	0.24324
-0.13033	0.544443	-0.670636	1	-0.779813	0.644293	-0.631474	0.486135	-0.220008
0.2581	-0.545567	0.747045	-0.779813	1	-0.827014	0.713387	-0.580432	0.253236
-0.274797	0.559666	-0.688893	0.644293	-0.827014	1	-0.805083	0.635911	-0.389804
0.375204	-0.470061	0.602914	-0.631474	0.713387	-0.805083	1	-0.816802	0.474504
-0.155134	0.468464	-0.555849	0.486135	-0.580432	0.635911	-0.816802	1	-0.572901
0.200643	-0.0256013	0.24324	-0.220008	0.253236	-0.389804	0.474504	-0.572901	1
