<<<<<<< HEAD
1	-0.0224727	0.201624	-0.13033	0.2581	-0.274797	0.375204	-0.155134	0.200643
-0.0224727	1	-0.605197	0.544443	-0.545567	0.559666	-0.470061	0.468464	-0.0256013
0.201624	-0.605197	1	-0.670636	0.747045	-0.688893	0.602914	-0.555849	0.24324
-0.13033	0.544443	-0.670636	1	-0.779813	0.644293	-0.631474	0.486135	-0.220008
0.2581	-0.545567	0.747045	-0.779813	1	-0.827014	0.713387	-0.580432	0.253236
-0.274797	0.559666	-0.688893	0.644293	-0.827014	1	-0.805083	0.635911	-0.389804
0.375204	-0.470061	0.602914	-0.631474	0.713387	-0.805083	1	-0.816802	0.474504
-0.155134	0.468464	-0.555849	0.486135	-0.580432	0.635911	-0.816802	1	-0.572901
0.200643	-0.0256013	0.24324	-0.220008	0.253236	-0.389804	0.474504	-0.572901	1
=======
1	-0.00109688	0.162352	-0.124672	0.351578	-0.331182	0.479858	-0.322615	0.297098
-0.00109688	1	-0.56588	0.693164	-0.437198	0.487709	-0.297291	0.297646	0.162835
0.162352	-0.56588	1	-0.678206	0.826773	-0.687923	0.486703	-0.448572	0.208744
-0.124672	0.693164	-0.678206	1	-0.739791	0.7005	-0.573544	0.497392	-0.150099
0.351578	-0.437198	0.826773	-0.739791	1	-0.850673	0.734834	-0.602427	0.339082
-0.331182	0.487709	-0.687923	0.7005	-0.850673	1	-0.834115	0.711308	-0.45272
0.479858	-0.297291	0.486703	-0.573544	0.734834	-0.834115	1	-0.876598	0.578527
-0.322615	0.297646	-0.448572	0.497392	-0.602427	0.711308	-0.876598	1	-0.688372
0.297098	0.162835	0.208744	-0.150099	0.339082	-0.45272	0.578527	-0.688372	1
>>>>>>> 8f160ee (caca)
